1.0
1.0
1.0
1.0
1.0
1.0
1.0
1.0
1.0
1.0
1.0
1.0
9.9999e-06
3.9999983e-07
3.7037023e-07
3.8461522e-07
4.5454524e-07
6.249996e-07
1.6666638e-06
1.0
1.0
1.1111099e-06
1.4285694e-06
1.0
1.0
1.0
1.0
1.0
1.0
1.0
1.0
4.999975e-06
8.3333265e-07
3.4482747e-07
0.3548388
0.5454546
0.5052632
0.58992803
0.8082902
0.8663968
0.9257951
0.8967742
0.9068323
0.91642654
0.90425533
0.89705884
0.8960739
0.8913044
0.8869936
0.89896905
0.9221557
0.92248064
0.92038834
0.9254902
0.920078
0.9132948
0.9080235
0.9116466
0.9196787
0.9113924
0.8781609
0.74364895
0.7155963
0.85542166
0.8730769
0.87058824
0.84410644
0.8306011
0.8327138
0.83076924
0.81702125
0.80904526
0.7597403
0.6519824
0.74666667
0.7659575
0.76146793
0.71000004
0.5837838
0.65693426
0.54166675
0.46153855
0.47887334
5.8823497e-07
9.99999e-07
1.0
1.0
1.0
1.0
1.0
1.0
4.9999977e-07
2.7777767e-07
2.9411754e-07
3.9999983e-07
5.263155e-07
5.263155e-07
4.7619025e-07
5.263155e-07
7.142852e-07
1.0
1.0
1.0
1.0
1.2499985e-06
3.1249988e-07
2.5641017e-07
2.4390238e-07
2.2727266e-07
3.3333322e-07
7.142852e-07
9.99999e-07
0.50704235
0.6382979
0.6391753
0.4772728
0.5391305
0.65384614
0.6705882
0.7232143
0.8197674
0.86096257
0.8693333
0.84574467
0.86513996
0.84444445
0.7459954
0.67102396
0.75396824
0.75944334
0.65833336
0.7226891
0.7319149
0.7292111
0.69433963
0.7080292
0.776699
0.8340081
0.8442623
0.85020244
0.7505241
0.66533864
0.6197655
0.6066667
0.626151
0.6460905
0.6431718
0.60136676
0.5207878
0.44549766
0.39801
0.36074275
0.33429396
0.32098767
0.37323946
0.53061223
0.45859873
0.44295302
0.40559444
0.36496356
0.34375006
0.29508203
0.410959
0.4062501
0.43137264
0.48780498
2.4999936e-06
1.0
1.999996e-06
5.5555523e-07
1.0
1.0
1.0
1.0
1.0
1.0
1.0
9.9999e-06
1.6666638e-06
3.7037023e-07
1.3888886e-07
9.433961e-08
1.2987012e-07
7.692302e-07
1.0
1.0
1.0
1.0
1.0
9.9999e-06
3.2258055e-07
0.37037048
0.42105272
0.4269664
0.45614043
0.5797101
0.6380368
0.6090909
0.54426235
0.5454546
0.62783176
0.6420455
0.6684073
0.7642276
0.8746667
0.853012
0.8546255
0.8512397
0.82149714
0.7679181
0.6
0.56497175
0.59782606
0.6565144
0.6763754
0.625
0.57425743
0.62830484
0.7447699
0.85384613
0.8708487
0.876053
0.91288346
0.9133089
0.8958084
0.8891509
0.8983452
0.9145608
0.9375
0.91415316
0.9124854
0.91697645
0.88274044
0.82476944
0.80774194
0.7798913
0.9098999
0.86125386
0.8386454
0.8477612
0.7987152
0.7180095
0.6395806
0.6503597
0.419802
0.2751323
0.3389831
0.3750001
0.27956998
0.14285734
7.142852e-07
1.2499985e-06
3.3333322e-07
2.0833328e-07
1.6666662e-07
1.2820512e-07
1.886792e-07
2.1739125e-07
