1.0
1.0
1.0
1.0
1.0
1.0
1.0
1.0
1.0
1.0
1.0
1.0
1.0
1.0
4.999975e-06
1.0
1.0
1.0
1.0
1.0
1.0
1.0
1.0
1.0
1.0
1.0
1.0
1.0
1.0
1.0
1.0
1.0
9.99999e-07
7.692302e-07
3.8461522e-07
2.7777767e-07
2.2727266e-07
1.5384613e-07
0.043478366
0.2575758
0.39766082
0.7654321
0.8581819
0.90909094
0.9044944
0.92346936
0.9029126
0.89767444
0.88382685
0.8942731
0.9022869
0.908
0.8888889
0.8986083
0.88932806
0.8787276
0.8629857
0.8819876
0.9261477
0.91803277
0.8903803
0.7556561
0.72483224
0.8366534
0.8742964
0.8643411
0.8371212
0.7992895
0.79642856
0.8037383
0.7617108
0.7482993
0.72121215
0.5826087
0.7385892
0.78764486
0.7085202
0.5202312
0.41059607
0.30927843
1.9999995e-07
2.1739125e-07
2.3809517e-07
1.0
1.0
1.0
1.0
1.0
1.0
1.0
1.999996e-06
5.5555523e-07
4.347824e-07
3.9999983e-07
4.7619025e-07
6.249996e-07
7.142852e-07
1.1111099e-06
3.3333222e-06
1.0
1.0
1.0
1.0
1.0
1.0
1.0
9.9999e-06
4.9999977e-07
3.2258055e-07
2.8571418e-07
2.702702e-07
2.0408157e-07
0.5111112
0.627451
0.7216495
0.62000006
0.57575756
0.6826347
0.6631579
0.73553723
0.8022923
0.84816754
0.8746803
0.8979592
0.905
0.8958838
0.79481643
0.69547325
0.7171315
0.7463918
0.7595506
0.79591835
0.7386935
0.79555553
0.76829267
0.74698794
0.7209776
0.79761904
0.8423154
0.85542166
0.81782943
0.77470356
0.70433146
0.64874554
0.7104247
0.73966944
0.67209774
0.7780822
0.80528057
0.66257674
0.5923754
0.53538465
0.5460318
0.6143345
0.7532468
0.7314815
0.60674155
0.6190476
0.62275445
0.5316456
0.5068493
0.46715328
0.57471275
0.6329115
0.63636374
0.66666675
8.3333265e-07
1.4285694e-06
4.5454524e-07
3.030302e-07
1.4285694e-06
1.0
6.666662e-07
2.3809517e-07
1.6393439e-07
1.3333332e-07
1.0869564e-07
8.9285706e-08
8.064515e-08
6.8493144e-08
5.917159e-08
5.555555e-08
5.8139527e-08
8.264462e-08
1.5151512e-07
1.8518514e-07
1.7241375e-07
1.6393439e-07
2.5641017e-07
3.2258055e-07
1.6129029e-07
0.20512827
0.26277378
0.41711232
0.41509435
0.44067797
0.4824903
0.48965523
0.52229303
0.53333336
0.5688623
0.58213264
0.6307278
0.6666667
0.7328605
0.76537585
0.75259876
0.7306968
0.7263158
0.7424
0.7890499
0.81904763
0.85575366
0.849921
0.8043143
0.76347303
0.76638174
0.78353256
0.8355995
0.8431138
0.8501171
0.86175114
0.89045936
0.9073634
0.90781796
0.90150636
0.899422
0.9119421
0.9325301
0.9282407
0.8962264
0.8025641
0.7270115
0.6552795
0.5516129
0.5809524
0.83226633
0.90178573
0.88913774
0.90301
0.8464244
0.72887766
0.64480877
0.6686478
0.44295305
0.24354246
0.57692313
0.62686574
0.57777786
0.14285776
9.9999e-06
1.1111099e-06
2.702702e-07
2.2222216e-07
2.3255807e-07
2.4390238e-07
1.8518514e-07
1.8518514e-07
