1.0
1.0
1.0
1.0
1.0
1.0
1.0
1.0
1.0
1.0
1.0
1.0
1.0
1.0
1.0
1.0
1.0
1.0
1.0
1.0
1.0
1.0
1.0
1.0
1.0
1.0
1.0
1.0
1.0
1.0
1.0
1.0
9.99999e-07
7.692302e-07
3.8461522e-07
2.7777767e-07
2.2727266e-07
1.5384613e-07
1.1764705e-07
0.11666674
0.43428573
0.6607143
0.6995885
0.73529416
0.7697369
0.84726226
0.86702126
0.84289277
0.842615
0.86247087
0.88691795
0.8671024
0.86937904
0.8768267
0.87649405
0.859375
0.8441815
0.84765625
0.8923077
0.8795181
0.83801293
0.8118812
0.78313255
0.8530021
0.8992248
0.9073724
0.8536155
0.7926421
0.8146853
0.82011604
0.80717486
0.85858583
0.73089707
0.3350254
0.75113124
0.720339
0.6796117
0.443038
0.3239437
0.3265307
0.15384628
0.038461722
2.3809517e-07
1.0
1.0
1.0
1.0
1.0
1.0
1.0
9.9999e-06
1.2499985e-06
5.5555523e-07
1.1111099e-06
9.090901e-07
1.2499985e-06
1.4285694e-06
1.0
1.0
8.3333265e-07
1.9999995e-07
2.499999e-07
2.8571418e-07
5.263155e-07
6.249996e-07
4.166665e-07
4.347824e-07
1.1111099e-06
1.0
9.090901e-07
1.1111099e-06
7.692302e-07
0.13333352
0.11320771
0.16393456
1.5151512e-07
1.2499999e-07
0.040404137
0.20800006
0.5027322
0.83098596
0.8682635
0.82840234
0.8218391
0.85639685
0.907767
0.90214795
0.8717949
0.87288135
0.8712446
0.8146453
0.8056872
0.67493796
0.6728972
0.7561437
0.7928994
0.7845529
0.82306165
0.8786611
0.87815124
0.9079229
0.87341774
0.7992278
0.75095785
0.7750557
0.77472526
0.6535212
0.67100984
0.70503604
0.71212125
0.70722437
0.7364622
0.7330961
0.7379311
0.72222227
0.8449613
0.8416667
0.803653
0.8095238
0.7593583
0.7305389
0.60402685
0.6739131
0.6428572
0.67605644
0.7169812
8.3333265e-07
6.666662e-07
1.6949149e-07
2.4390238e-07
5.263155e-07
1.0
1.0
1.0
1.0
1.0
1.0
1.0
1.0
1.0
1.0
9.9999e-06
5.263155e-07
9.9999e-06
1.6666638e-06
9.99999e-07
2.2727266e-07
2.499999e-07
3.9999983e-07
2.702702e-07
1.8518514e-07
0.13636373
0.13333343
0.4504505
0.6551724
0.6153846
0.6785714
0.7457627
0.69827586
0.6589148
0.66197187
0.6290802
0.6560847
0.6824645
0.7681818
0.8235294
0.8565121
0.9490022
0.8816794
0.89399296
0.9028961
0.92
0.93884295
0.9411765
0.925
0.89675516
0.84782606
0.8891967
0.888
0.89556134
0.93282634
0.9341615
0.9514321
0.942928
0.9440389
0.94621027
0.9468599
0.9362214
0.9423077
0.9364162
0.92996556
0.93166286
0.91910905
0.9169675
0.9385749
0.92134833
0.9048179
0.88377446
0.877193
0.90241104
0.8541667
0.7540173
0.64551723
0.64450866
0.3992995
0.19736844
0.22222227
0.20388353
0.17218548
0.123456895
3.030302e-07
4.9999977e-07
2.3255807e-07
9.7087366e-08
8.9285706e-08
9.5238086e-08
1.1235954e-07
1.7241375e-07
