1.0
1.0
1.0
1.0
1.0
1.0
1.0
1.0
1.0
1.0
1.0
1.0
1.0
1.0
1.0
1.0
1.0
1.0
1.0
1.0
1.0
1.0
1.0
1.0
1.0
1.0
1.0
1.0
1.0
1.0
1.0
1.0
9.99999e-07
7.692302e-07
3.8461522e-07
2.7777767e-07
2.2727266e-07
1.5384613e-07
0.068181925
0.65625
0.6334842
0.6008969
0.65000004
0.6844107
0.75254244
0.75862074
0.77286136
0.8106667
0.8312343
0.861244
0.8356807
0.78588235
0.7330097
0.7027027
0.8045977
0.82978725
0.7870968
0.84347826
0.8961303
0.83883494
0.7566462
0.81262326
0.8118812
0.8788501
0.8949416
0.91493386
0.9
0.8404669
0.84356433
0.80082136
0.73593074
0.6585956
0.52233684
0.68634695
0.81226057
0.71578956
0.65322584
0.61
0.43274856
0.59999996
0.50000006
0.26086968
0.15151528
1.999996e-06
4.999975e-06
1.0
1.0
1.0
1.0
1.0
1.0
1.0
1.0
1.0
1.0
1.0
1.0
1.0
1.0
9.090901e-07
5.5555523e-07
3.4482747e-07
2.5641017e-07
2.1739125e-07
2.127659e-07
2.5641017e-07
3.7037023e-07
4.347824e-07
4.7619025e-07
9.090901e-07
4.999975e-06
1.0
3.9999983e-07
2.702702e-07
2.0408157e-07
1.5151512e-07
0.023809642
0.4848485
0.57471263
0.6574074
0.8591066
0.84177214
0.82779455
0.83798885
0.857868
0.8888889
0.8773585
0.9026128
0.86624205
0.72527474
0.8112149
0.897541
0.8016194
0.8117647
0.78719395
0.7389706
0.753507
0.825462
0.8625
0.85531914
0.8755365
0.8503254
0.78
0.7747368
0.84183675
0.8056338
0.6938776
0.7066246
0.76254183
0.7028986
0.7209303
0.7325103
0.73504275
0.7741936
0.8064516
0.88353413
0.8706897
0.88986784
0.8818182
0.8557214
0.8044693
0.75739646
0.73504275
0.6000001
0.58139545
0.5277779
2.702702e-07
2.9411754e-07
1.4084505e-07
1.2987012e-07
2.2727266e-07
4.347824e-07
2.8571418e-07
2.9411754e-07
2.3809517e-07
2.0408157e-07
1.9607839e-07
1.886792e-07
1.13636354e-07
8.849557e-08
7.299269e-08
8.264462e-08
1.5624998e-07
3.8461522e-07
5.8823497e-07
1.886792e-07
7.751937e-08
7.6335866e-08
2.0408157e-07
3.030302e-07
1.7857138e-07
0.26666674
0.2465754
0.85714287
0.87128717
0.7328244
0.7248322
0.71999997
0.7745665
0.8118812
0.86098653
0.7567568
0.7743903
0.84179103
0.8834688
0.8669951
0.94865525
0.9459459
0.91206545
0.9353612
0.9355433
0.9309735
0.9407783
0.94214875
0.94435614
0.92261004
0.9259797
0.9318498
0.9293478
0.9385621
0.9122807
0.9217391
0.93532336
0.9297164
0.9419036
0.9459459
0.96168107
0.9593909
0.9477707
0.9594096
0.9380117
0.91448116
0.9074074
0.86538464
0.88557214
0.89548385
0.86773795
0.81668776
0.767834
0.7901554
0.7647832
0.5948276
0.5669014
0.62204725
0.49202737
0.2304527
0.44800007
0.37837845
0.3561645
0.24390261
2.8571418e-07
1.3157893e-07
7.575756e-08
9.090908e-08
7.299269e-08
7.092198e-08
9.174311e-08
1.4492751e-07
