1.0
1.0
1.0
1.0
1.0
1.0
1.0
1.0
1.0
9.9999e-06
9.9999e-06
4.999975e-06
7.692302e-07
4.166665e-07
3.2258055e-07
3.2258055e-07
3.4482747e-07
4.166665e-07
5.5555523e-07
6.666662e-07
1.4285694e-06
1.0
1.0
1.0
1.0
1.0
1.0
1.0
1.0
1.0
1.0
1.0
9.99999e-07
7.692302e-07
3.8461522e-07
0.05405431
0.22641523
0.059701636
0.15217401
0.44444445
0.52577317
0.65000004
0.72992706
0.75817
0.7859238
0.85333335
0.8613861
0.8604119
0.8449438
0.86440676
0.8600823
0.86004055
0.8264463
0.84210527
0.83693516
0.8269231
0.83047616
0.8667917
0.86535007
0.8460177
0.8043478
0.77837837
0.7937063
0.7905405
0.8391377
0.8963093
0.8817204
0.8382609
0.823741
0.8394584
0.8373102
0.82631576
0.4935065
0.32335332
0.7164179
0.6728972
0.53932583
0.40789476
0.19696975
0.22471918
0.21052644
0.038461722
2.2727266e-07
1.0
1.0
1.0
4.999975e-06
1.0
1.0
2.4999936e-06
1.999996e-06
1.4285694e-06
9.99999e-07
1.1111099e-06
1.6666638e-06
4.999975e-06
4.999975e-06
1.999996e-06
1.0
1.0
1.0
4.7619025e-07
2.2727266e-07
1.6949149e-07
1.6393439e-07
1.4285712e-07
1.4084505e-07
1.3157893e-07
1.3513512e-07
1.4285712e-07
1.470588e-07
1.470588e-07
0.51612914
0.6530613
0.6538462
0.5765766
0.63703704
0.66279066
0.6421053
0.7886179
0.8742138
0.8742857
0.88770056
0.8979592
0.8992974
0.8909091
0.86098653
0.7940552
0.8143712
0.86336637
0.8604651
0.78350514
0.772
0.7169118
0.73103446
0.73846155
0.79136693
0.84460694
0.88090736
0.88076925
0.8255159
0.79182154
0.7946257
0.79079497
0.8539823
0.8626506
0.8062016
0.7638484
0.7076923
0.62857145
0.61059195
0.61946905
0.6666667
0.6728972
0.7028986
0.82258064
0.8151659
0.7794872
0.76288664
0.6666666
0.6315789
0.5442177
0.54347837
0.6153847
0.5238096
0.46341473
2.3255807e-07
2.3809517e-07
2.7777767e-07
3.4482747e-07
1.0
1.0
7.142852e-07
2.2727266e-07
1.5624998e-07
1.3333332e-07
1.13636354e-07
1.09890095e-07
9.999999e-08
7.999999e-08
7.142856e-08
6.756756e-08
7.092198e-08
9.2592586e-08
1.3888886e-07
1.5151512e-07
1.4492751e-07
1.6949149e-07
2.1739125e-07
1.9999995e-07
1.886792e-07
0.36666676
0.49275374
0.56250006
0.6804124
0.7592593
0.78832114
0.77192986
0.8118812
0.84761906
0.8648649
0.88235295
0.9219331
0.84887457
0.9008499
0.8835979
0.8939394
0.90114945
0.85365856
0.9015151
0.9271028
0.9175627
0.9100346
0.89038783
0.8892405
0.8746269
0.8591954
0.8497268
0.87024903
0.88071066
0.90314466
0.9472362
0.9586984
0.94749695
0.9383313
0.9256595
0.92941177
0.91577697
0.9238095
0.92996556
0.91751415
0.9076752
0.8942529
0.89512193
0.8784314
0.8932292
0.8979592
0.8695652
0.86129755
0.8580786
0.78515184
0.6771084
0.6294278
0.6448737
0.47540987
0.3619048
0.42253524
0.35000008
0.24299073
0.123456895
1.9607839e-07
3.030302e-07
2.4390238e-07
1.6393439e-07
8.196721e-08
8.620689e-08
9.900989e-08
7.518796e-08
