1.0
1.0
1.0
1.0
1.0
1.0
1.0
1.0
1.0
1.0
1.0
1.0
1.0
1.0
1.6666638e-06
1.4285694e-06
3.3333222e-06
9.9999e-06
1.0
1.0
1.0
1.0
1.0
1.0
1.0
1.0
1.0
1.0
1.0
1.0
1.0
1.0
9.99999e-07
7.692302e-07
3.8461522e-07
2.7777767e-07
2.2727266e-07
1.5384613e-07
0.21052639
0.6134969
0.7330317
0.8106061
0.8059702
0.7686833
0.8000001
0.8318584
0.86027396
0.8506329
0.8325123
0.85106385
0.86104786
0.83668905
0.8159645
0.80089486
0.79646015
0.8197425
0.83549786
0.8151448
0.8443497
0.8530612
0.75
0.75278395
0.82258064
0.83179295
0.87096775
0.8192372
0.8096
0.78890604
0.7828843
0.8148148
0.85360825
0.8948546
0.83287674
0.7265918
0.8416989
0.8072728
0.81632656
0.6728972
0.5531915
0.7577639
0.63492066
0.53164566
0.385965
3.3333222e-06
1.0
1.0
1.0
1.0
1.0
4.5454524e-07
3.1249988e-07
2.3809517e-07
2.5641017e-07
3.2258055e-07
4.7619025e-07
1.2499985e-06
4.999975e-06
1.0
1.0
1.0
1.999996e-06
6.249996e-07
3.2258055e-07
2.9411754e-07
2.3809517e-07
1.6666662e-07
1.4492751e-07
1.2987012e-07
1.2820512e-07
1.4084505e-07
1.7543856e-07
1.6129029e-07
0.49504957
0.56692916
0.57894737
0.6074074
0.6842105
0.7777778
0.7765958
0.8044281
0.82051283
0.8668407
0.9015544
0.90025574
0.8861386
0.9245283
0.8366013
0.7754237
0.8122449
0.8636364
0.85144126
0.76666665
0.7171492
0.70155036
0.71813285
0.7122807
0.7631103
0.835206
0.85988486
0.8863198
0.88977957
0.877551
0.84313726
0.84836066
0.8724832
0.8353222
0.7529412
0.74271846
0.7164179
0.71282053
0.70224726
0.6725664
0.6453489
0.6666667
0.78472227
0.9042146
0.8851064
0.8687783
0.81407034
0.69714284
0.56410253
0.4411765
0.45333344
0.4000001
0.51851857
0.47619057
1.6666638e-06
1.0
9.090901e-07
4.7619025e-07
7.692302e-07
1.0
1.0
1.0
1.0
9.9999e-06
9.9999e-06
1.0
1.0
1.0
1.0
4.999975e-06
1.4285694e-06
1.999996e-06
1.0
1.0
2.4999936e-06
6.249996e-07
3.8461522e-07
2.702702e-07
1.9230764e-07
0.28985518
0.35555565
0.5619835
0.5826772
0.6849315
0.6936416
0.6938776
0.7477478
0.78070176
0.86956525
0.9249012
0.877551
0.88544893
0.9521127
0.915601
0.9355609
0.94666666
0.9467213
0.94716984
0.94485295
0.9380531
0.9281046
0.90123457
0.9123867
0.9133627
0.898017
0.9138889
0.936
0.9414824
0.9392405
0.936646
0.9397294
0.94074076
0.93107617
0.9271207
0.92957747
0.91549295
0.9357143
0.9266589
0.90365446
0.90417135
0.90697676
0.9114522
0.872914
0.8718626
0.94214875
0.9134199
0.84676504
0.8593577
0.8148148
0.49707603
0.35584846
0.52100843
0.29610392
0.38181818
0.51020414
0.52631587
0.66666675
0.36363697
1.0
1.0
4.7619025e-07
2.1739125e-07
1.6949149e-07
1.3333332e-07
1.6393439e-07
9.615383e-08
