1.0
1.0
1.0
1.0
1.0
1.0
1.0
1.0
1.0
1.0
1.0
1.0
1.0
6.666662e-07
4.347824e-07
4.347824e-07
4.9999977e-07
6.666662e-07
7.692302e-07
1.2499985e-06
1.0
1.0
1.0
1.0
1.0
1.0
1.0
1.0
1.0
1.0
1.0
1.0
9.99999e-07
7.692302e-07
3.8461522e-07
2.7777767e-07
2.2727266e-07
1.5384613e-07
0.15238103
0.61445785
0.6790698
0.8015268
0.8387097
0.8184819
0.8228228
0.83425415
0.851948
0.8523002
0.84705883
0.86436784
0.8752735
0.8504273
0.8137045
0.8436214
0.8722986
0.87401575
0.8353909
0.88663965
0.88014984
0.8539741
0.8226415
0.7824351
0.8566108
0.85714287
0.91085273
0.88235295
0.80675423
0.79044116
0.8055556
0.7929515
0.7791563
0.70303035
0.41284403
0.29299366
0.52272725
0.592233
0.6601942
0.57923496
0.5494505
0.7417218
0.62711865
0.5789474
0.5135136
3.3333222e-06
1.0
1.0
1.0
1.0
1.0
1.999996e-06
7.692302e-07
4.347824e-07
3.2258055e-07
4.5454524e-07
1.6666638e-06
1.0
1.0
1.0
1.0
1.0
1.0
1.0
1.0
1.0
1.0
3.3333322e-07
3.1249988e-07
2.702702e-07
1.9607839e-07
3.5714274e-07
1.0
1.6666638e-06
0.34920645
0.55555564
0.56910574
0.38636374
0.5811966
0.6521739
0.2333334
0.6700508
0.8518519
0.9
0.8882682
0.83428574
0.9268293
0.89702517
0.90697676
0.83653843
0.81696427
0.8189655
0.8300221
0.8203991
0.75643563
0.6567718
0.6551724
0.6722973
0.7404844
0.8014842
0.8379447
0.858871
0.8647541
0.7919192
0.77327937
0.8173516
0.7989276
0.71651095
0.6710527
0.6898955
0.62318844
0.59420294
0.6428572
0.66425997
0.66666675
0.7076924
0.7489362
0.7542373
0.7019231
0.6788991
0.6666667
0.72380954
0.70408165
0.72222227
0.6771654
0.6721312
0.5538461
0.4732825
1.2345677e-07
1.5624998e-07
1.19047606e-07
1.4084505e-07
1.3513512e-07
1.7857138e-07
7.692302e-07
6.666662e-07
7.142852e-07
7.692302e-07
9.090901e-07
2.4999936e-06
8.3333265e-07
4.166665e-07
3.4482747e-07
2.3809517e-07
2.127659e-07
3.5714274e-07
1.0
1.0
9.090901e-07
1.2499985e-06
1.0
1.0
9.090901e-07
3.7037023e-07
1.7543856e-07
0.2653062
0.4719102
0.63793105
0.62921345
0.55371904
0.60740745
0.6113208
0.67968756
0.652174
0.67647064
0.67546177
0.745679
0.7554479
0.7638889
0.76623374
0.7664671
0.76045626
0.73422563
0.7392857
0.78347105
0.8155039
0.80717486
0.8
0.8221906
0.84518826
0.8847185
0.8950131
0.92108667
0.9481865
0.95019156
0.94458437
0.9343247
0.9381188
0.9294404
0.9297164
0.9323493
0.9518214
0.9337979
0.9516908
0.8959391
0.873057
0.7683453
0.8727273
0.920354
0.8986126
0.86480445
0.8935236
0.84126985
0.7672634
0.7013373
0.7093596
0.40196082
0.3831418
0.45112786
0.28000006
0.20000005
0.10309287
2.5641017e-07
3.3333222e-06
1.2499985e-06
2.5641017e-07
1.0309277e-07
1.16279054e-07
1.3333332e-07
8.620689e-08
