1.0
1.0
1.0
1.0
1.0
1.0
1.0
1.0
1.0
1.0
1.0
1.0
1.0
1.0
1.0
1.0
1.0
9.9999e-06
1.0
1.0
1.0
1.0
1.0
1.0
1.0
1.0
1.0
1.0
1.0
1.0
1.0
1.0
9.99999e-07
7.692302e-07
3.8461522e-07
2.7777767e-07
2.2727266e-07
1.5384613e-07
1.1764705e-07
8.849557e-08
7.299269e-08
6.666666e-08
6.451612e-08
0.27135682
0.44067797
0.64383566
0.7239264
0.8372093
0.86052006
0.88641423
0.8976035
0.87391305
0.8325991
0.80444443
0.809628
0.84076434
0.8416486
0.82191783
0.85649204
0.77037036
0.690411
0.46601948
0.35460997
0.7036011
0.6940874
0.7117795
0.7916667
0.7922078
0.8189655
0.7803738
0.6666667
0.6134186
0.5573771
0.5240642
0.6358974
0.61538464
0.52459013
0.41025642
0.2695036
0.3883496
0.46575353
0.23076937
2.3809517e-07
1.0
1.0
1.0
1.0
1.0
1.0
1.0
1.0
4.347824e-07
2.3255807e-07
2.631578e-07
4.166665e-07
1.2499985e-06
9.9999e-06
1.0
1.0
1.0
1.0
1.0
1.0
1.0
1.0
9.9999e-06
4.999975e-06
1.6666638e-06
4.347824e-07
4.347824e-07
4.5454524e-07
2.7777767e-07
0.55696213
0.6185568
0.6538462
0.4680852
0.61417323
0.6666666
0.65168536
0.7477478
0.8571429
0.91071427
0.8545994
0.7301588
0.87830687
0.9326923
0.7853881
0.5757576
0.87645686
0.8687351
0.80963856
0.8465116
0.75
0.7529412
0.81002086
0.758465
0.6617284
0.63427114
0.75728154
0.8123515
0.7708333
0.8082902
0.843318
0.85507244
0.89447236
0.88709676
0.80473375
0.77524436
0.8039868
0.81159425
0.69064754
0.6505191
0.67857146
0.72156864
0.7782427
0.80833334
0.8018018
0.6989248
0.6473988
0.59756094
0.5637584
0.5
0.49382725
0.37681168
0.32727283
0.40000013
1.0
1.0
7.142852e-07
3.8461522e-07
1.2499985e-06
1.0
1.0
3.8461522e-07
2.3809517e-07
1.5873013e-07
1.470588e-07
1.1764705e-07
9.900989e-08
9.433961e-08
7.999999e-08
6.756756e-08
7.2463756e-08
1.09890095e-07
7.4626854e-08
6.329113e-08
6.289307e-08
7.092198e-08
1.0204081e-07
1.0526315e-07
8.3333326e-08
0.20168073
0.29752073
0.45238096
0.46067417
0.47058824
0.49557522
0.48872185
0.5099338
0.59259266
0.62893087
0.66301376
0.63080686
0.6559633
0.7590909
0.8345324
0.9117647
0.93764436
0.9018789
0.85714287
0.8134454
0.87015176
0.9480737
0.9392447
0.87369984
0.8415147
0.8507671
0.8770492
0.8833552
0.89847714
0.922293
0.9452229
0.95454544
0.94074076
0.93203884
0.9440389
0.9492754
0.9311164
0.93935794
0.9407666
0.91454965
0.9162791
0.88
0.84061694
0.83912486
0.86153847
0.9112426
0.9035088
0.8913282
0.8840262
0.84054667
0.7268232
0.6
0.6147651
0.38674036
0.2559242
0.24691361
0.42857152
0.3939395
0.25000095
1.0
1.0
8.3333265e-07
2.0833328e-07
1.4492751e-07
1.3157893e-07
2.127659e-07
1.4492751e-07
