1.0
1.0
1.0
1.0
1.0
1.0
1.0
1.0
1.0
1.0
1.0
1.0
1.0
1.0
1.0
1.0
1.0
1.0
1.0
1.0
1.0
1.0
1.0
1.0
1.0
1.0
1.0
1.0
1.0
1.0
9.9999e-06
6.666662e-07
5.5555523e-07
7.692302e-07
3.8461522e-07
2.7777767e-07
0.37288144
0.5333334
0.5737705
0.6480447
0.627451
0.6779661
0.7441861
0.782007
0.8176101
0.8521739
0.8423913
0.8270677
0.8585366
0.89908254
0.88539326
0.819222
0.81632656
0.84415585
0.8848485
0.86904764
0.85265225
0.8785047
0.85714287
0.7470817
0.70520234
0.70567983
0.7859649
0.8430657
0.8805704
0.8756567
0.8850174
0.88160294
0.8485981
0.83767533
0.85144126
0.8905473
0.7147336
0.62903225
0.7033898
0.75655437
0.73770493
0.6530613
0.54651165
0.6341464
0.17977537
0.08695662
0.06741583
2.5641017e-07
9.99999e-07
1.0
1.0
1.0
1.0
1.0
1.0
1.0
1.0
1.4285694e-06
4.7619025e-07
8.3333265e-07
1.4285694e-06
4.347824e-07
5.263155e-07
4.999975e-06
2.499999e-07
1.3698629e-07
1.5384613e-07
2.3809517e-07
2.702702e-07
2.0833328e-07
2.2222216e-07
1.886792e-07
1.9607839e-07
1.9230764e-07
2.9411754e-07
5.263155e-07
0.41509444
0.15384631
0.06896567
1.3888886e-07
0.34862393
0.6705882
0.6666667
0.7634855
0.87341774
0.87356323
0.84745765
0.90625
0.8953771
0.8623025
0.83521444
0.8181818
0.7597536
0.80078125
0.8560461
0.8853755
0.8471455
0.7951389
0.7847222
0.7908612
0.8176796
0.83047616
0.84931505
0.8471954
0.8619247
0.8506224
0.845666
0.8584071
0.8691358
0.86021507
0.80466473
0.83383685
0.8562691
0.8176101
0.6623377
0.6158941
0.61386144
0.6558442
0.74716985
0.8482491
0.8607595
0.8161435
0.83495146
0.75789475
0.75
0.76404494
0.81967217
0.7567568
0.6804124
0.44444454
3.4482747e-07
2.631578e-07
1.5624998e-07
1.6949149e-07
5.5555523e-07
1.1111099e-06
9.99999e-07
7.692302e-07
9.090901e-07
5.263155e-07
3.2258055e-07
1.9999995e-07
9.615383e-08
6.8965505e-08
5.8823524e-08
6.993006e-08
9.5238086e-08
1.0526315e-07
1.0526315e-07
7.6335866e-08
7.2463756e-08
7.142856e-08
9.090908e-08
1.0101009e-07
8.849557e-08
0.20689662
0.3956045
0.61224496
0.67826086
0.6805555
0.75949365
0.7771429
0.76279074
0.6054422
0.60790277
0.69767445
0.7247191
0.7606383
0.8009592
0.8406466
0.8590604
0.8870293
0.8752399
0.8801431
0.89084506
0.9094077
0.9430052
0.94892913
0.92913383
0.9135053
0.9117221
0.9254571
0.9395604
0.93817204
0.9288486
0.9386189
0.9441624
0.9343247
0.93528694
0.934466
0.95421684
0.96585363
0.9630542
0.96269554
0.9367682
0.9282407
0.93286216
0.9138756
0.91697645
0.86500657
0.84737486
0.82252145
0.8156288
0.8727273
0.7680798
0.6721088
0.61028194
0.6561403
0.55097616
0.35757577
0.33333337
0.26751596
0.29545462
0.22222242
1.0
1.0
9.9999e-06
4.166665e-07
2.631578e-07
1.7543856e-07
1.7543856e-07
2.3809517e-07
