0.0
0.0
0.0
0.0
0.0
0.0
0.0
0.0
0.0
0.0
0.0
0.0
2.0
5.0
5.0
5.0
4.58257569495584
4.58257569495584
3.605551275463989
0.0
0.0
4.0
3.4641016151377544
0.0
0.0
0.0
0.0
0.0
0.0
0.0
0.0
3.0
3.0
3.4641016151377544
3.605551275463989
3.4641016151377544
2.8284271247461903
3.4641016151377544
2.8284271247461903
3.605551275463989
3.4641016151377544
4.123105625617661
4.123105625617661
4.47213595499958
4.123105625617661
3.4641016151377544
3.4641016151377544
4.242640687119285
4.0
2.8284271247461903
3.4641016151377544
3.4641016151377544
3.4641016151377544
2.8284271247461903
3.1622776601683795
3.7416573867739413
4.123105625617661
4.58257569495584
4.69041575982343
4.123105625617661
4.0
5.830951894845301
6.164414002968976
6.48074069840786
5.477225575051661
4.69041575982343
5.0
5.0
5.0
4.58257569495584
5.0990195135927845
4.123105625617661
4.123105625617661
5.477225575051661
5.0990195135927845
4.58257569495584
6.557438524302
5.385164807134504
4.242640687119285
3.605551275463989
4.58257569495584
5.0990195135927845
4.58257569495584
5.0
5.0
0.0
0.0
0.0
0.0
0.0
0.0
4.69041575982343
5.477225575051661
5.477225575051661
5.0990195135927845
5.0990195135927845
5.0990195135927845
5.0990195135927845
4.58257569495584
3.605551275463989
0.0
0.0
0.0
0.0
3.4641016151377544
4.58257569495584
4.58257569495584
5.0990195135927845
5.0990195135927845
4.58257569495584
3.4641016151377544
2.8284271247461903
4.123105625617661
3.605551275463989
4.123105625617661
4.58257569495584
4.58257569495584
5.0
5.0990195135927845
5.0
3.605551275463989
3.605551275463989
5.830951894845301
4.69041575982343
6.164414002968976
5.5677643628300215
6.557438524302
6.164414002968976
4.123105625617661
4.69041575982343
6.164414002968976
5.830951894845301
5.0990195135927845
5.477225575051661
6.164414002968976
5.830951894845301
6.557438524302
6.855654600401044
7.14142842854285
6.782329983125268
7.416198487095663
7.745966692414834
7.681145747868608
7.416198487095663
6.557438524302
6.164414002968976
5.916079783099616
5.830951894845301
5.830951894845301
5.385164807134504
5.0
5.385164807134504
6.164414002968976
6.164414002968976
6.164414002968976
6.48074069840786
5.0
5.0
5.477225575051661
5.0
4.58257569495584
3.605551275463989
3.0
3.0
2.23606797749979
2.23606797749979
2.8284271247461903
0.0
3.4641016151377544
5.0
0.0
0.0
0.0
0.0
0.0
0.0
0.0
2.23606797749979
3.605551275463989
5.477225575051661
6.164414002968976
6.855654600401044
6.48074069840786
5.0990195135927845
0.0
0.0
0.0
0.0
0.0
2.0
5.744562646538029
5.385164807134504
5.0
4.58257569495584
4.123105625617661
3.605551275463989
3.605551275463989
4.69041575982343
4.123105625617661
4.58257569495584
4.58257569495584
4.0
4.123105625617661
4.123105625617661
3.4641016151377544
4.58257569495584
5.0
3.605551275463989
4.58257569495584
5.830951894845301
7.14142842854285
6.855654600401044
6.855654600401044
6.782329983125268
6.557438524302
7.14142842854285
6.928203230275509
6.928203230275509
5.916079783099616
3.4641016151377544
4.123105625617661
4.242640687119285
4.58257569495584
3.4641016151377544
3.4641016151377544
4.58257569495584
4.69041575982343
4.123105625617661
4.58257569495584
4.47213595499958
3.605551275463989
4.58257569495584
4.69041575982343
5.744562646538029
6.164414002968976
5.291502622129181
4.898979485566356
4.58257569495584
5.0990195135927845
5.744562646538029
6.164414002968976
6.48074069840786
5.477225575051661
5.385164807134504
6.782329983125268
7.681145747868608
8.0
5.916079783099616
6.557438524302
6.855654600401044
5.830951894845301
3.605551275463989
5.0
5.830951894845301
6.164414002968976
6.855654600401044
6.557438524302
5.0990195135927845
