0.0
0.0
0.0
0.0
0.0
0.0
0.0
0.0
0.0
2.0
2.0
2.0
4.123105625617661
4.123105625617661
4.58257569495584
5.0
4.58257569495584
4.58257569495584
4.58257569495584
4.123105625617661
3.4641016151377544
0.0
0.0
0.0
0.0
0.0
0.0
0.0
0.0
0.0
0.0
0.0
0.0
0.0
0.0
2.0
2.0
2.0
3.4641016151377544
3.4641016151377544
2.8284271247461903
3.4641016151377544
3.605551275463989
4.58257569495584
5.0
4.69041575982343
5.830951894845301
5.744562646538029
4.58257569495584
6.164414002968976
5.830951894845301
5.744562646538029
5.830951894845301
5.830951894845301
5.830951894845301
5.477225575051661
6.557438524302
5.477225575051661
4.69041575982343
5.744562646538029
5.830951894845301
6.164414002968976
6.48074069840786
6.48074069840786
6.164414002968976
4.69041575982343
4.58257569495584
5.830951894845301
6.082762530298219
4.58257569495584
5.0
4.0
3.0
3.4641016151377544
5.385164807134504
5.385164807134504
4.69041575982343
3.7416573867739413
3.605551275463989
4.123105625617661
4.123105625617661
3.605551275463989
3.0
0.0
0.0
0.0
2.8284271247461903
0.0
0.0
2.8284271247461903
2.8284271247461903
3.4641016151377544
3.4641016151377544
3.4641016151377544
3.4641016151377544
2.8284271247461903
2.8284271247461903
3.4641016151377544
0.0
0.0
0.0
4.58257569495584
5.830951894845301
6.164414002968976
6.164414002968976
6.164414002968976
6.164414002968976
6.164414002968976
6.164414002968976
6.164414002968976
6.164414002968976
6.164414002968976
2.8284271247461903
3.4641016151377544
3.0
4.123105625617661
3.605551275463989
4.123105625617661
4.58257569495584
3.605551275463989
4.123105625617661
5.0
4.58257569495584
4.123105625617661
6.164414002968976
6.855654600401044
6.082762530298219
6.4031242374328485
6.082762530298219
5.830951894845301
4.58257569495584
6.244997998398398
5.830951894845301
6.244997998398398
7.615773105863909
7.0710678118654755
6.782329983125268
5.830951894845301
6.557438524302
6.782329983125268
6.557438524302
6.855654600401044
6.855654600401044
6.782329983125268
6.164414002968976
6.164414002968976
5.916079783099616
6.164414002968976
6.082762530298219
5.744562646538029
6.164414002968976
5.744562646538029
6.164414002968976
5.830951894845301
5.0990195135927845
5.0
4.58257569495584
5.477225575051661
5.830951894845301
5.916079783099616
6.164414002968976
5.0990195135927845
4.69041575982343
5.0990195135927845
5.0990195135927845
5.830951894845301
6.557438524302
7.14142842854285
5.477225575051661
5.0990195135927845
0.0
0.0
4.58257569495584
5.385164807134504
6.244997998398398
6.244997998398398
6.557438524302
6.557438524302
6.855654600401044
7.14142842854285
7.14142842854285
7.14142842854285
7.14142842854285
6.855654600401044
6.557438524302
6.557438524302
6.782329983125268
6.48074069840786
6.164414002968976
6.48074069840786
6.855654600401044
5.385164807134504
5.0
5.385164807134504
4.0
3.605551275463989
3.605551275463989
3.4641016151377544
2.23606797749979
3.4641016151377544
2.8284271247461903
4.0
3.0
4.0
3.605551275463989
3.605551275463989
4.123105625617661
4.58257569495584
5.477225575051661
5.0990195135927845
3.0
4.123105625617661
5.477225575051661
5.477225575051661
5.830951894845301
6.164414002968976
6.164414002968976
5.830951894845301
5.0
5.477225575051661
4.123105625617661
4.58257569495584
3.4641016151377544
2.8284271247461903
4.123105625617661
4.58257569495584
3.7416573867739413
4.123105625617661
5.477225575051661
4.58257569495584
4.58257569495584
5.0
4.0
4.123105625617661
4.58257569495584
5.0
5.477225575051661
5.830951894845301
5.744562646538029
5.477225575051661
5.830951894845301
5.830951894845301
5.5677643628300215
5.744562646538029
6.855654600401044
7.14142842854285
5.385164807134504
5.5677643628300215
5.830951894845301
5.830951894845301
6.164414002968976
6.164414002968976
6.164414002968976
5.830951894845301
7.937253933193772
8.0
7.416198487095663
7.14142842854285
