0.0
0.0
0.0
0.0
0.0
0.0
0.0
0.0
0.0
0.0
0.0
0.0
0.0
0.0
2.8284271247461903
3.4641016151377544
2.8284271247461903
2.0
0.0
0.0
0.0
0.0
0.0
0.0
0.0
0.0
0.0
0.0
0.0
0.0
0.0
0.0
0.0
0.0
0.0
0.0
0.0
0.0
3.4641016151377544
4.123105625617661
3.605551275463989
3.4641016151377544
4.58257569495584
4.123105625617661
5.0
4.0
4.123105625617661
5.0
5.477225575051661
4.58257569495584
4.58257569495584
4.58257569495584
5.830951894845301
5.830951894845301
6.48074069840786
6.164414002968976
6.164414002968976
5.830951894845301
5.0
6.164414002968976
6.557438524302
5.477225575051661
5.477225575051661
5.385164807134504
4.123105625617661
6.48074069840786
6.164414002968976
6.164414002968976
5.830951894845301
5.830951894845301
4.123105625617661
4.123105625617661
4.58257569495584
5.0990195135927845
4.123105625617661
6.244997998398398
5.830951894845301
5.196152422706632
4.242640687119285
5.0990195135927845
5.5677643628300215
4.58257569495584
4.58257569495584
3.0
0.0
0.0
0.0
0.0
0.0
5.0990195135927845
5.477225575051661
5.830951894845301
5.830951894845301
5.477225575051661
5.0990195135927845
4.123105625617661
3.0
0.0
0.0
0.0
3.605551275463989
4.58257569495584
5.0
5.0
5.385164807134504
5.830951894845301
5.830951894845301
6.164414002968976
6.164414002968976
5.830951894845301
5.477225575051661
5.830951894845301
3.0
3.4641016151377544
2.8284271247461903
4.58257569495584
4.123105625617661
4.123105625617661
4.123105625617661
5.0
5.830951894845301
5.0
5.477225575051661
4.123105625617661
4.69041575982343
5.5677643628300215
4.69041575982343
6.48074069840786
5.830951894845301
4.69041575982343
4.47213595499958
6.164414002968976
5.385164807134504
5.744562646538029
5.385164807134504
6.164414002968976
6.557438524302
5.0
6.324555320336759
5.477225575051661
6.48074069840786
6.164414002968976
5.830951894845301
5.477225575051661
5.385164807134504
4.898979485566356
5.477225575051661
5.477225575051661
4.58257569495584
4.242640687119285
4.58257569495584
5.385164807134504
5.477225575051661
6.244997998398398
4.58257569495584
4.69041575982343
4.69041575982343
4.69041575982343
6.164414002968976
5.744562646538029
5.0990195135927845
5.477225575051661
4.69041575982343
4.69041575982343
2.0
2.8284271247461903
3.605551275463989
0.0
4.0
5.0990195135927845
4.58257569495584
0.0
0.0
0.0
0.0
2.0
2.0
0.0
0.0
0.0
0.0
2.23606797749979
4.123105625617661
3.605551275463989
0.0
0.0
2.8284271247461903
4.69041575982343
5.0990195135927845
5.477225575051661
6.164414002968976
4.58257569495584
4.123105625617661
3.605551275463989
4.123105625617661
3.605551275463989
3.605551275463989
3.605551275463989
4.58257569495584
2.23606797749979
2.0
2.8284271247461903
2.23606797749979
2.8284271247461903
2.8284271247461903
4.58257569495584
3.605551275463989
2.0
4.123105625617661
5.5677643628300215
4.69041575982343
3.0
5.477225575051661
4.69041575982343
3.605551275463989
5.291502622129181
5.0
5.830951894845301
5.0
4.58257569495584
4.47213595499958
3.605551275463989
3.4641016151377544
3.4641016151377544
4.123105625617661
5.385164807134504
4.69041575982343
4.47213595499958
3.605551275463989
4.47213595499958
4.58257569495584
4.47213595499958
4.47213595499958
4.47213595499958
5.0
4.123105625617661
3.605551275463989
4.123105625617661
5.291502622129181
5.0
5.0
5.385164807134504
5.385164807134504
6.855654600401044
6.164414002968976
5.830951894845301
5.830951894845301
5.830951894845301
2.8284271247461903
2.0
0.0
0.0
4.58257569495584
5.830951894845301
6.48074069840786
7.0710678118654755
6.782329983125268
6.48074069840786
