0.0
0.0
0.0
0.0
0.0
0.0
0.0
0.0
0.0
0.0
0.0
0.0
0.0
0.0
0.0
0.0
0.0
0.0
0.0
0.0
0.0
0.0
0.0
0.0
0.0
0.0
0.0
0.0
0.0
0.0
0.0
0.0
0.0
0.0
0.0
0.0
0.0
0.0
3.0
5.0
5.0
3.4641016151377544
2.8284271247461903
2.8284271247461903
3.7416573867739413
3.605551275463989
3.0
4.58257569495584
3.7416573867739413
3.0
4.123105625617661
5.477225575051661
4.69041575982343
5.744562646538029
6.082762530298219
6.557438524302
5.830951894845301
5.830951894845301
5.477225575051661
6.164414002968976
7.745966692414834
6.855654600401044
6.164414002968976
5.0
4.69041575982343
4.58257569495584
4.0
4.58257569495584
5.5677643628300215
6.164414002968976
6.782329983125268
5.385164807134504
5.830951894845301
5.477225575051661
4.58257569495584
6.244997998398398
4.69041575982343
4.123105625617661
4.0
3.605551275463989
4.69041575982343
5.477225575051661
6.164414002968976
3.605551275463989
2.0
0.0
0.0
0.0
0.0
0.0
0.0
0.0
0.0
0.0
0.0
0.0
0.0
0.0
0.0
4.123105625617661
5.477225575051661
5.830951894845301
6.164414002968976
6.164414002968976
6.164414002968976
5.477225575051661
5.0
4.58257569495584
4.58257569495584
4.123105625617661
2.8284271247461903
0.0
0.0
0.0
0.0
0.0
3.605551275463989
4.58257569495584
4.58257569495584
5.0
5.385164807134504
6.244997998398398
5.477225575051661
6.164414002968976
5.477225575051661
5.830951894845301
5.830951894845301
6.164414002968976
6.244997998398398
6.244997998398398
4.69041575982343
4.0
5.830951894845301
6.782329983125268
6.557438524302
6.164414002968976
6.164414002968976
4.58257569495584
5.477225575051661
5.0
4.242640687119285
5.385164807134504
5.830951894845301
6.48074069840786
5.0990195135927845
5.0
4.58257569495584
5.0
5.385164807134504
4.58257569495584
5.477225575051661
5.916079783099616
5.0990195135927845
4.58257569495584
4.58257569495584
4.58257569495584
5.0
4.69041575982343
4.69041575982343
4.69041575982343
5.0990195135927845
5.0990195135927845
4.69041575982343
5.0990195135927845
5.0990195135927845
5.0990195135927845
6.557438524302
5.916079783099616
9.643650760992955
9.055385138137417
6.855654600401044
5.0
5.830951894845301
5.830951894845301
6.164414002968976
6.164414002968976
6.164414002968976
6.164414002968976
7.416198487095663
7.416198487095663
7.416198487095663
6.782329983125268
5.830951894845301
5.0
4.58257569495584
5.830951894845301
7.416198487095663
7.416198487095663
5.830951894845301
5.830951894845301
6.48074069840786
4.123105625617661
5.385164807134504
3.605551275463989
3.0
5.0
4.123105625617661
4.123105625617661
4.0
3.605551275463989
3.4641016151377544
4.123105625617661
4.58257569495584
4.795831523312719
4.58257569495584
4.58257569495584
4.123105625617661
3.0
4.123105625617661
4.58257569495584
4.123105625617661
3.605551275463989
5.477225575051661
6.164414002968976
5.0
4.58257569495584
4.58257569495584
6.164414002968976
5.830951894845301
4.58257569495584
5.0
4.58257569495584
5.0990195135927845
5.830951894845301
4.58257569495584
4.58257569495584
3.0
3.605551275463989
5.0990195135927845
2.23606797749979
4.0
4.898979485566356
4.58257569495584
5.0990195135927845
3.7416573867739413
3.7416573867739413
4.58257569495584
5.477225575051661
6.48074069840786
6.244997998398398
6.782329983125268
6.782329983125268
6.782329983125268
6.48074069840786
6.082762530298219
8.48528137423857
7.416198487095663
6.557438524302
5.0990195135927845
4.58257569495584
4.58257569495584
6.48074069840786
9.0
6.782329983125268
7.14142842854285
7.0710678118654755
7.14142842854285
6.48074069840786
