0.0
0.0
0.0
0.0
0.0
0.0
0.0
0.0
0.0
0.0
0.0
0.0
0.0
0.0
0.0
0.0
0.0
0.0
0.0
0.0
0.0
0.0
0.0
0.0
0.0
0.0
0.0
0.0
0.0
0.0
0.0
0.0
0.0
0.0
0.0
0.0
0.0
0.0
0.0
4.0
2.8284271247461903
4.123105625617661
3.605551275463989
2.8284271247461903
3.605551275463989
3.605551275463989
5.385164807134504
5.0990195135927845
5.830951894845301
5.0
5.830951894845301
5.744562646538029
4.58257569495584
5.0990195135927845
5.0
4.58257569495584
4.123105625617661
4.58257569495584
4.123105625617661
4.58257569495584
5.477225575051661
5.477225575051661
6.164414002968976
5.385164807134504
4.242640687119285
4.123105625617661
6.782329983125268
7.211102550927978
6.164414002968976
4.58257569495584
3.605551275463989
3.605551275463989
3.605551275463989
5.0
5.477225575051661
5.830951894845301
5.916079783099616
4.123105625617661
3.605551275463989
4.123105625617661
4.69041575982343
4.69041575982343
0.0
0.0
0.0
0.0
0.0
0.0
0.0
0.0
2.0
3.605551275463989
4.58257569495584
4.123105625617661
4.123105625617661
3.605551275463989
3.605551275463989
0.0
0.0
4.123105625617661
6.48074069840786
5.744562646538029
5.744562646538029
4.58257569495584
4.58257569495584
5.0
5.0
3.4641016151377544
0.0
4.0
4.58257569495584
4.58257569495584
2.23606797749979
2.8284271247461903
2.8284271247461903
0.0
0.0
3.605551275463989
4.0
3.605551275463989
4.47213595499958
4.58257569495584
4.58257569495584
4.123105625617661
6.48074069840786
6.48074069840786
6.164414002968976
6.48074069840786
6.164414002968976
5.0990195135927845
5.830951894845301
4.0
6.164414002968976
6.782329983125268
6.164414002968976
5.830951894845301
6.708203932499369
4.58257569495584
3.605551275463989
4.123105625617661
4.242640687119285
4.47213595499958
6.782329983125268
7.0710678118654755
5.477225575051661
5.0990195135927845
4.58257569495584
4.47213595499958
5.0
6.244997998398398
5.0990195135927845
5.0990195135927845
5.477225575051661
5.477225575051661
5.830951894845301
4.123105625617661
4.69041575982343
5.744562646538029
5.477225575051661
5.830951894845301
5.196152422706632
5.0990195135927845
5.0990195135927845
5.0990195135927845
4.123105625617661
2.8284271247461903
4.69041575982343
5.0
7.416198487095663
5.477225575051661
4.58257569495584
0.0
0.0
0.0
0.0
0.0
0.0
0.0
0.0
0.0
0.0
2.23606797749979
4.58257569495584
2.0
4.123105625617661
3.605551275463989
5.830951894845301
5.830951894845301
5.0990195135927845
5.477225575051661
5.477225575051661
4.58257569495584
3.605551275463989
3.605551275463989
3.605551275463989
5.477225575051661
5.0
5.0
5.744562646538029
5.385164807134504
3.605551275463989
4.58257569495584
5.0
4.58257569495584
5.0
5.0
4.58257569495584
3.0
5.477225575051661
5.0
5.0
4.58257569495584
4.58257569495584
5.0
4.123105625617661
5.0
6.164414002968976
5.744562646538029
5.0990195135927845
5.477225575051661
4.58257569495584
5.0990195135927845
5.477225575051661
4.58257569495584
5.0
4.123105625617661
3.0
4.123105625617661
4.123105625617661
3.4641016151377544
3.4641016151377544
4.47213595499958
4.0
3.4641016151377544
3.4641016151377544
3.7416573867739413
3.605551275463989
5.0
5.0
4.123105625617661
5.0
5.0990195135927845
6.164414002968976
5.744562646538029
6.557438524302
8.717797887081348
7.745966692414834
7.416198487095663
6.855654600401044
6.782329983125268
5.830951894845301
5.0
5.477225575051661
6.557438524302
7.14142842854285
7.14142842854285
6.48074069840786
5.0990195135927845
