0.0
0.0
0.0
0.0
0.0
0.0
0.0
0.0
0.0
0.0
0.0
0.0
0.0
0.0
0.0
0.0
0.0
0.0
0.0
0.0
0.0
0.0
0.0
0.0
0.0
0.0
0.0
0.0
0.0
0.0
2.0
3.605551275463989
3.4641016151377544
0.0
0.0
0.0
2.8284271247461903
4.58257569495584
5.0
4.123105625617661
5.0990195135927845
4.58257569495584
3.4641016151377544
3.605551275463989
4.123105625617661
2.8284271247461903
4.0
5.0
4.58257569495584
4.123105625617661
5.0990195135927845
4.69041575982343
5.477225575051661
5.0990195135927845
4.58257569495584
5.385164807134504
5.916079783099616
6.48074069840786
6.324555320336759
6.164414002968976
7.14142842854285
8.246211251235321
7.681145747868608
6.782329983125268
4.58257569495584
4.795831523312719
5.0
5.0
5.477225575051661
4.123105625617661
4.0
3.605551275463989
4.0
5.0
6.164414002968976
5.830951894845301
5.744562646538029
5.385164807134504
4.123105625617661
3.4641016151377544
5.0990195135927845
6.855654600401044
7.14142842854285
6.855654600401044
5.0990195135927845
0.0
0.0
0.0
0.0
0.0
0.0
0.0
0.0
4.123105625617661
6.244997998398398
5.0990195135927845
4.123105625617661
5.0
4.58257569495584
2.8284271247461903
6.164414002968976
7.14142842854285
6.164414002968976
5.830951894845301
5.830951894845301
6.164414002968976
5.830951894845301
5.830951894845301
5.477225575051661
5.477225575051661
5.0990195135927845
4.123105625617661
3.605551275463989
2.8284271247461903
2.23606797749979
2.8284271247461903
4.123105625617661
4.123105625617661
4.58257569495584
4.58257569495584
5.0
5.830951894845301
6.244997998398398
5.477225575051661
5.385164807134504
6.164414002968976
6.244997998398398
6.557438524302
6.928203230275509
6.855654600401044
5.0
6.782329983125268
6.782329983125268
6.164414002968976
6.164414002968976
6.557438524302
7.14142842854285
7.0710678118654755
7.14142842854285
6.164414002968976
5.0990195135927845
5.477225575051661
5.477225575051661
6.48074069840786
6.164414002968976
6.244997998398398
5.830951894845301
5.830951894845301
5.385164807134504
5.0990195135927845
6.082762530298219
6.164414002968976
6.48074069840786
5.477225575051661
5.744562646538029
5.196152422706632
5.0990195135927845
5.744562646538029
5.0
6.4031242374328485
6.082762530298219
5.830951894845301
5.0990195135927845
5.0990195135927845
5.477225575051661
6.782329983125268
7.14142842854285
8.246211251235321
9.591663046625438
8.717797887081348
6.164414002968976
4.123105625617661
4.123105625617661
4.123105625617661
3.605551275463989
4.69041575982343
5.477225575051661
5.830951894845301
7.14142842854285
7.14142842854285
7.14142842854285
7.416198487095663
7.14142842854285
6.782329983125268
6.48074069840786
6.48074069840786
6.782329983125268
6.855654600401044
6.48074069840786
6.782329983125268
7.416198487095663
6.48074069840786
4.123105625617661
4.123105625617661
5.830951894845301
5.0
3.605551275463989
4.123105625617661
4.242640687119285
4.242640687119285
3.605551275463989
3.605551275463989
4.0
4.123105625617661
4.47213595499958
4.58257569495584
5.0990195135927845
4.58257569495584
5.0990195135927845
5.385164807134504
5.385164807134504
5.0990195135927845
5.0990195135927845
5.744562646538029
5.0
4.58257569495584
4.58257569495584
5.830951894845301
5.196152422706632
5.477225575051661
4.123105625617661
4.123105625617661
4.123105625617661
5.385164807134504
5.0
4.242640687119285
3.4641016151377544
3.605551275463989
4.123105625617661
3.4641016151377544
4.123105625617661
4.47213595499958
4.123105625617661
3.4641016151377544
3.605551275463989
4.69041575982343
5.830951894845301
4.58257569495584
5.477225575051661
5.830951894845301
5.477225575051661
6.164414002968976
6.244997998398398
5.830951894845301
5.477225575051661
7.416198487095663
8.426149773176359
7.681145747868608
5.0990195135927845
4.58257569495584
0.0
0.0
2.0
5.0990195135927845
5.385164807134504
5.830951894845301
5.830951894845301
6.164414002968976
