0.0
0.0
0.0
0.0
0.0
0.0
0.0
0.0
0.0
0.0
0.0
0.0
0.0
0.0
0.0
0.0
0.0
2.0
0.0
0.0
0.0
0.0
0.0
0.0
0.0
0.0
0.0
0.0
0.0
0.0
0.0
0.0
0.0
0.0
0.0
0.0
0.0
0.0
0.0
0.0
0.0
0.0
0.0
3.605551275463989
4.242640687119285
4.0
3.4641016151377544
5.0
4.58257569495584
5.830951894845301
5.0
5.0990195135927845
4.69041575982343
5.0990195135927845
5.0990195135927845
5.477225575051661
5.0990195135927845
5.0990195135927845
6.164414002968976
5.385164807134504
5.477225575051661
5.0990195135927845
3.605551275463989
3.4641016151377544
3.0
3.605551275463989
4.123105625617661
3.4641016151377544
4.242640687119285
4.58257569495584
6.164414002968976
5.744562646538029
5.830951894845301
5.477225575051661
3.605551275463989
5.0
5.0990195135927845
5.0990195135927845
4.123105625617661
3.605551275463989
3.4641016151377544
3.0
0.0
0.0
0.0
0.0
0.0
0.0
0.0
0.0
0.0
5.0
6.164414002968976
5.477225575051661
5.0990195135927845
3.605551275463989
2.23606797749979
0.0
0.0
0.0
0.0
0.0
0.0
0.0
0.0
2.23606797749979
3.0
3.605551275463989
5.0
5.0
5.0
5.477225575051661
3.605551275463989
3.4641016151377544
3.605551275463989
4.123105625617661
4.58257569495584
4.58257569495584
5.0
4.69041575982343
5.0
5.0990195135927845
4.123105625617661
5.385164807134504
4.123105625617661
5.830951894845301
4.69041575982343
5.477225575051661
5.385164807134504
4.123105625617661
4.0
5.385164807134504
6.164414002968976
5.830951894845301
6.557438524302
6.557438524302
6.48074069840786
5.830951894845301
5.830951894845301
5.477225575051661
4.123105625617661
4.58257569495584
4.242640687119285
5.0990195135927845
5.385164807134504
5.0
5.0
5.830951894845301
4.47213595499958
4.58257569495584
5.477225575051661
6.164414002968976
5.5677643628300215
5.477225575051661
5.0
4.795831523312719
4.242640687119285
5.385164807134504
5.0
4.898979485566356
5.385164807134504
5.0990195135927845
3.605551275463989
4.123105625617661
4.123105625617661
3.0
0.0
0.0
4.0
5.477225575051661
3.605551275463989
0.0
0.0
5.385164807134504
5.830951894845301
6.244997998398398
6.244997998398398
6.557438524302
6.855654600401044
6.855654600401044
7.14142842854285
7.416198487095663
7.416198487095663
7.14142842854285
9.219544457292887
9.433981132056603
8.717797887081348
8.0
7.0710678118654755
7.0710678118654755
7.416198487095663
4.58257569495584
4.123105625617661
4.58257569495584
4.58257569495584
4.123105625617661
4.123105625617661
5.0990195135927845
5.0990195135927845
3.605551275463989
3.0
3.4641016151377544
3.605551275463989
4.242640687119285
4.123105625617661
4.58257569495584
4.123105625617661
4.69041575982343
4.123105625617661
5.0990195135927845
5.477225575051661
5.0990195135927845
5.0
4.58257569495584
5.0
5.0990195135927845
5.5677643628300215
5.477225575051661
5.830951894845301
5.0990195135927845
5.477225575051661
4.123105625617661
3.605551275463989
5.830951894845301
5.0
3.605551275463989
4.123105625617661
4.123105625617661
5.830951894845301
6.082762530298219
4.123105625617661
4.47213595499958
4.58257569495584
5.477225575051661
4.58257569495584
4.58257569495584
3.605551275463989
5.0
5.477225575051661
5.385164807134504
5.385164807134504
5.477225575051661
5.385164807134504
4.69041575982343
6.928203230275509
8.246211251235321
8.0
5.0990195135927845
4.69041575982343
2.8284271247461903
0.0
0.0
4.58257569495584
5.830951894845301
6.557438524302
7.416198487095663
5.830951894845301
7.0710678118654755
