0.0
0.0
0.0
0.0
0.0
0.0
0.0
0.0
0.0
0.0
0.0
0.0
0.0
0.0
3.0
0.0
0.0
0.0
0.0
0.0
0.0
0.0
0.0
0.0
0.0
0.0
0.0
0.0
0.0
0.0
0.0
0.0
0.0
0.0
0.0
0.0
0.0
0.0
3.4641016151377544
3.4641016151377544
3.0
3.0
3.0
2.8284271247461903
4.123105625617661
3.4641016151377544
3.4641016151377544
5.0
5.477225575051661
5.0990195135927845
5.0
4.0
5.830951894845301
4.69041575982343
3.605551275463989
3.605551275463989
5.0990195135927845
4.123105625617661
3.4641016151377544
4.47213595499958
4.69041575982343
5.477225575051661
5.477225575051661
5.830951894845301
5.0990195135927845
4.69041575982343
5.0
6.164414002968976
6.782329983125268
6.48074069840786
6.244997998398398
5.830951894845301
5.744562646538029
5.0
5.477225575051661
5.830951894845301
7.14142842854285
4.123105625617661
4.123105625617661
4.123105625617661
0.0
0.0
0.0
0.0
0.0
0.0
0.0
0.0
0.0
0.0
3.605551275463989
4.58257569495584
5.0
5.0
5.0
4.58257569495584
4.58257569495584
4.123105625617661
3.0
0.0
0.0
0.0
0.0
0.0
0.0
0.0
2.0
4.58257569495584
5.0990195135927845
5.477225575051661
5.477225575051661
5.830951894845301
3.4641016151377544
4.47213595499958
3.605551275463989
4.58257569495584
5.0
5.0990195135927845
5.0990195135927845
5.477225575051661
5.385164807134504
4.69041575982343
5.0
3.0
4.123105625617661
5.477225575051661
5.0990195135927845
5.477225575051661
5.0
5.0990195135927845
5.0990195135927845
4.58257569495584
4.69041575982343
6.164414002968976
6.164414002968976
5.477225575051661
5.830951894845301
5.830951894845301
4.58257569495584
5.477225575051661
5.830951894845301
6.164414002968976
5.830951894845301
5.477225575051661
5.830951894845301
5.916079783099616
5.477225575051661
5.385164807134504
5.385164807134504
5.0
5.385164807134504
5.5677643628300215
5.830951894845301
5.830951894845301
4.58257569495584
5.0
5.0
4.69041575982343
5.477225575051661
4.123105625617661
4.123105625617661
4.58257569495584
3.0
2.8284271247461903
2.23606797749979
3.0
4.123105625617661
4.123105625617661
5.477225575051661
5.477225575051661
3.605551275463989
0.0
4.123105625617661
5.477225575051661
6.244997998398398
6.557438524302
6.855654600401044
6.855654600401044
6.855654600401044
7.416198487095663
7.681145747868608
7.937253933193772
7.681145747868608
7.681145747868608
7.14142842854285
7.14142842854285
7.14142842854285
7.14142842854285
6.782329983125268
6.782329983125268
6.782329983125268
5.0
5.0
5.0
4.123105625617661
4.123105625617661
4.123105625617661
4.123105625617661
3.605551275463989
4.0
3.4641016151377544
4.47213595499958
4.123105625617661
4.123105625617661
5.0
4.58257569495584
6.164414002968976
7.0710678118654755
6.164414002968976
5.830951894845301
5.385164807134504
5.0
5.477225575051661
4.58257569495584
4.58257569495584
5.830951894845301
6.244997998398398
5.0990195135927845
4.58257569495584
4.242640687119285
4.58257569495584
4.123105625617661
4.69041575982343
5.0
4.58257569495584
4.58257569495584
6.557438524302
5.477225575051661
5.477225575051661
6.164414002968976
4.58257569495584
5.0990195135927845
6.164414002968976
6.557438524302
6.4031242374328485
6.164414002968976
6.855654600401044
4.58257569495584
5.477225575051661
6.164414002968976
5.830951894845301
5.830951894845301
5.830951894845301
5.916079783099616
7.0710678118654755
7.14142842854285
5.0990195135927845
4.123105625617661
2.8284271247461903
2.0
2.0
3.605551275463989
5.385164807134504
5.830951894845301
6.164414002968976
5.830951894845301
5.830951894845301
5.830951894845301
