0.0
0.0
0.0
0.0
0.0
0.0
0.0
0.0
0.0
0.0
0.0
0.0
0.0
4.123105625617661
5.0
5.0
5.0
4.58257569495584
4.58257569495584
4.123105625617661
0.0
0.0
0.0
0.0
0.0
0.0
0.0
0.0
0.0
0.0
0.0
0.0
0.0
0.0
0.0
0.0
0.0
0.0
4.123105625617661
4.58257569495584
4.58257569495584
4.58257569495584
5.0990195135927845
5.830951894845301
5.830951894845301
4.58257569495584
4.58257569495584
5.385164807134504
4.58257569495584
4.58257569495584
5.477225575051661
5.830951894845301
6.164414002968976
5.744562646538029
6.164414002968976
5.830951894845301
6.082762530298219
4.58257569495584
5.477225575051661
5.5677643628300215
5.5677643628300215
6.164414002968976
5.830951894845301
5.830951894845301
4.242640687119285
3.4641016151377544
5.0990195135927845
4.69041575982343
4.123105625617661
4.898979485566356
4.123105625617661
4.58257569495584
5.0
5.0
3.4641016151377544
6.082762530298219
5.830951894845301
6.48074069840786
5.477225575051661
6.244997998398398
5.477225575051661
5.916079783099616
5.385164807134504
3.605551275463989
0.0
0.0
0.0
0.0
0.0
3.0
4.123105625617661
5.0
5.477225575051661
5.477225575051661
3.605551275463989
0.0
0.0
0.0
0.0
0.0
0.0
0.0
0.0
0.0
0.0
4.58257569495584
4.58257569495584
4.58257569495584
4.58257569495584
4.58257569495584
0.0
3.605551275463989
3.605551275463989
3.0
3.605551275463989
3.605551275463989
4.58257569495584
4.58257569495584
4.123105625617661
5.0990195135927845
4.58257569495584
5.0990195135927845
5.830951894845301
4.123105625617661
6.082762530298219
6.48074069840786
6.164414002968976
7.0710678118654755
7.416198487095663
7.3484692283495345
6.855654600401044
6.782329983125268
6.855654600401044
7.0710678118654755
7.14142842854285
6.557438524302
6.855654600401044
6.244997998398398
6.557438524302
6.48074069840786
6.782329983125268
7.211102550927978
7.211102550927978
6.48074069840786
5.830951894845301
4.123105625617661
5.0990195135927845
5.477225575051661
5.0
5.477225575051661
5.477225575051661
5.385164807134504
5.0990195135927845
5.0
5.0990195135927845
5.477225575051661
5.830951894845301
5.477225575051661
6.48074069840786
6.4031242374328485
5.916079783099616
5.477225575051661
5.830951894845301
5.477225575051661
8.18535277187245
8.774964387392123
10.295630140987
10.099504938362077
10.099504938362077
8.48528137423857
8.0
6.48074069840786
4.58257569495584
5.0990195135927845
5.0990195135927845
4.69041575982343
4.69041575982343
3.4641016151377544
4.123105625617661
5.0
5.0
5.830951894845301
5.830951894845301
5.477225575051661
0.0
0.0
4.123105625617661
4.123105625617661
0.0
0.0
4.123105625617661
3.605551275463989
4.58257569495584
5.0
3.605551275463989
4.123105625617661
4.123105625617661
4.123105625617661
3.0
3.605551275463989
4.123105625617661
3.605551275463989
3.605551275463989
4.123105625617661
4.47213595499958
5.0990195135927845
5.0990195135927845
5.0
6.244997998398398
6.557438524302
5.830951894845301
6.164414002968976
5.830951894845301
5.744562646538029
4.58257569495584
5.385164807134504
5.0990195135927845
5.477225575051661
5.477225575051661
5.385164807134504
5.0
3.605551275463989
4.123105625617661
3.605551275463989
3.4641016151377544
4.123105625617661
4.123105625617661
4.58257569495584
4.58257569495584
4.123105625617661
4.123105625617661
4.58257569495584
5.0
5.0990195135927845
5.830951894845301
5.291502622129181
4.123105625617661
4.58257569495584
5.830951894845301
4.898979485566356
5.385164807134504
5.0990195135927845
5.0
5.477225575051661
7.211102550927978
6.782329983125268
5.830951894845301
7.54983443527075
7.745966692414834
7.0710678118654755
6.855654600401044
3.0
3.4641016151377544
6.244997998398398
9.38083151964686
8.0
7.14142842854285
6.855654600401044
